 2.31300000e+03
 2.34000000e+03
 2.34000000e+03
 2.23900000e+03
 2.24800000e+03
 2.14700000e+03
 2.10500000e+03
 2.00900000e+03
 1.97500000e+03
 1.83900000e+03
 1.84500000e+03
 1.73600000e+03
 1.77700000e+03
 1.71000000e+03
 1.77300000e+03
 1.73600000e+03
 1.85000000e+03
 1.83000000e+03
 1.96800000e+03
 1.98100000e+03
 2.13300000e+03
 2.14900000e+03
 2.26100000e+03
 2.23800000e+03
 2.35600000e+03
 2.29400000e+03
 2.38900000e+03
 2.33100000e+03
 2.32200000e+03
 2.21600000e+03
 2.20100000e+03
 2.06000000e+03
 2.03400000e+03
 1.97000000e+03
 1.90300000e+03
 1.84100000e+03
 1.80200000e+03
 1.76800000e+03
 1.76000000e+03
 1.76400000e+03
 1.80400000e+03
 1.85100000e+03
 1.91500000e+03
 1.98800000e+03
 2.06400000e+03
 2.13000000e+03
 2.21000000e+03
 2.26000000e+03
 2.32700000e+03
 2.35300000e+03
 2.38400000e+03
 2.36800000e+03
 2.34600000e+03
 2.29900000e+03
 2.24600000e+03
 2.16400000e+03
 2.09300000e+03
 2.01300000e+03
 1.95300000e+03
 1.87100000e+03
 1.82700000e+03
 1.78700000e+03
 1.77200000e+03
 1.74700000e+03
 1.77400000e+03
 1.79600000e+03
 1.86200000e+03
 1.91900000e+03
 2.00600000e+03
 2.07600000e+03
 2.14600000e+03
 2.20300000e+03
 2.28100000e+03
 2.32600000e+03
 2.36300000e+03
 2.37000000e+03
 2.36400000e+03
 2.33300000e+03
 2.29000000e+03
 2.22200000e+03
 2.16200000e+03
 2.07700000e+03
 2.00500000e+03
 1.93700000e+03
 1.87700000e+03
 1.82800000e+03
 1.79000000e+03
 1.74500000e+03
 1.76300000e+03
 1.76800000e+03
 1.81700000e+03
 1.86100000e+03
 1.94000000e+03
 2.00200000e+03
 2.09500000e+03
 2.13900000e+03
 2.22600000e+03
 2.27200000e+03
 2.33700000e+03
 2.35600000e+03
 2.37600000e+03
 2.35100000e+03
 2.32800000e+03
 2.25900000e+03
 2.21500000e+03
 2.13600000e+03
 2.07300000e+03
 1.98500000e+03
 1.92100000e+03
 1.85400000e+03
 1.79200000e+03
 1.77000000e+03
 1.74400000e+03
 1.75100000e+03
 1.77100000e+03
 1.81200000e+03
 1.87200000e+03
 1.94400000e+03
 2.01900000e+03
 2.09400000e+03
 2.16200000e+03
 2.21900000e+03
 2.28800000e+03
 2.32500000e+03
 2.36200000e+03
 2.36100000e+03
 2.34300000e+03
 2.30300000e+03
 2.28000000e+03
 2.19900000e+03
 2.14000000e+03
 2.04500000e+03
 1.98800000e+03
 1.90700000e+03
 1.87300000e+03
 1.79800000e+03
 1.79900000e+03
 1.75300000e+03
 1.77600000e+03
 1.78000000e+03
 1.85800000e+03
 1.89000000e+03
 1.99300000e+03
 2.03500000e+03
 2.13900000e+03
 2.16500000e+03
 2.25500000e+03
 2.29400000e+03
 2.37000000e+03
 2.36500000e+03
 2.39600000e+03
 2.34500000e+03
 2.31400000e+03
 2.26000000e+03
 2.20100000e+03
 2.11900000e+03
 2.04900000e+03
 1.96200000e+03
 1.89100000e+03
 1.83700000e+03
 1.79000000e+03
 1.76800000e+03
 1.75400000e+03
 1.76200000e+03
 1.78400000e+03
 1.84100000e+03
 1.90300000e+03
 1.97200000e+03
 2.03700000e+03
 2.11600000e+03
 2.16800000e+03
 2.24600000e+03
 2.29500000e+03
 2.34800000e+03
 2.35900000e+03
 2.36800000e+03
 2.31600000e+03
 2.29300000e+03
 2.21800000e+03
 2.17500000e+03
 2.09200000e+03
 2.02200000e+03
 1.93100000e+03
 1.87400000e+03
 1.81200000e+03
 1.78200000e+03
 1.75100000e+03
 1.75200000e+03
 1.74900000e+03
 1.79900000e+03
 1.83400000e+03
 1.90700000e+03
 1.96300000e+03
 2.05200000e+03
 2.09500000e+03
 2.19900000e+03
 2.23600000e+03
 2.31500000e+03
 2.32600000e+03
 2.36600000e+03
 2.32900000e+03
 2.33100000e+03
 2.25800000e+03
 2.22600000e+03
 2.13400000e+03
 2.09000000e+03
 1.97600000e+03
 1.97400000e+03
 1.85000000e+03
 1.84700000e+03
 1.76100000e+03
 1.77500000e+03
 1.73000000e+03
 1.83900000e+03
 1.77600000e+03
 1.91100000e+03
 1.89300000e+03
 2.04500000e+03
 2.04400000e+03
 2.25800000e+03
 2.17000000e+03
 2.37300000e+03
 2.28700000e+03
 2.46400000e+03
 2.32700000e+03
 2.47200000e+03
 2.28600000e+03
 2.40000000e+03
 2.18700000e+03
 2.27700000e+03
 2.03800000e+03
 2.11400000e+03
 1.88700000e+03
 1.97600000e+03
 1.78900000e+03
 1.89900000e+03
 1.73300000e+03
 1.85500000e+03
 1.74200000e+03
 1.91200000e+03
 1.83200000e+03
 2.04100000e+03
 1.98400000e+03
 2.19400000e+03
 2.11500000e+03
 2.33800000e+03
 2.24500000e+03
 2.44400000e+03
 2.32700000e+03
 2.46100000e+03
 2.30800000e+03
 2.42100000e+03
 2.23600000e+03
 2.31300000e+03
 2.10300000e+03
 2.14200000e+03
 1.94800000e+03
 1.99800000e+03
 1.83100000e+03
 1.89300000e+03
 1.74500000e+03
 1.75800000e+03
 1.73400000e+03
 1.79200000e+03
 1.79400000e+03
 1.90400000e+03
 1.92100000e+03
 1.99500000e+03
 2.06800000e+03
 2.13600000e+03
 2.20400000e+03
 2.26300000e+03
 2.30900000e+03
 2.32700000e+03
 2.33300000e+03
 2.31200000e+03
 2.28400000e+03
 2.23000000e+03
 2.18000000e+03
 2.11200000e+03
 2.02500000e+03
 1.97900000e+03
 1.89300000e+03
 1.86100000e+03
 1.73700000e+03
 1.77700000e+03
 1.71300000e+03
 1.77400000e+03
 1.77900000e+03
 1.88500000e+03
 1.84000000e+03
 1.97400000e+03
 1.98500000e+03
 2.15400000e+03
 2.13900000e+03
 2.26500000e+03
 2.25300000e+03
 2.37100000e+03
 2.33500000e+03
 2.38400000e+03
 2.31500000e+03
 2.31500000e+03
 2.23800000e+03
 2.19500000e+03
 2.09800000e+03
 2.04200000e+03
 1.97300000e+03
 1.90000000e+03
 1.84300000e+03
 1.80800000e+03
 1.78600000e+03
 1.76400000e+03
 1.77900000e+03
 1.80100000e+03
 1.85700000e+03
 1.92500000e+03
 2.00000000e+03
 2.06200000e+03
 2.16000000e+03
 2.19400000e+03
 2.27900000e+03
 2.32200000e+03
 2.37700000e+03
 2.37200000e+03
 2.39800000e+03
 2.33700000e+03
 2.30700000e+03
 2.23700000e+03
 2.19200000e+03
 2.09500000e+03
 2.04800000e+03
 1.94400000e+03
 1.89600000e+03
 1.82600000e+03
 1.79800000e+03
 1.76100000e+03
 1.77100000e+03
 1.76100000e+03
 1.80100000e+03
 1.85800000e+03
 1.90300000e+03
 1.99200000e+03
 2.05600000e+03
 2.13000000e+03
 2.17600000e+03
 2.28000000e+03
 2.28600000e+03
 2.35800000e+03
 2.34700000e+03
 2.37100000e+03
 2.31000000e+03
 2.28600000e+03
 2.21000000e+03
 2.15800000e+03
 2.07700000e+03
 2.00100000e+03
 1.92500000e+03
 1.87100000e+03
 1.81300000e+03
 1.77500000e+03
 1.76000000e+03
 1.75900000e+03
 1.77500000e+03
 1.81800000e+03
 1.86000000e+03
 1.93800000e+03
 2.00400000e+03
 2.09300000e+03
 2.15200000e+03
 2.24000000e+03
 2.27800000e+03
 2.35500000e+03
 2.37800000e+03
 2.39300000e+03
 2.34200000e+03
 2.35400000e+03
 2.27000000e+03
 2.24200000e+03
 2.14200000e+03
 2.09800000e+03
 1.94900000e+03
 1.94500000e+03
 1.82400000e+03
 1.82900000e+03
 1.73300000e+03
 1.77500000e+03
 1.72000000e+03
 1.80500000e+03
 1.78800000e+03
 1.89600000e+03
 1.90000000e+03
 2.03600000e+03
 2.04200000e+03
 2.19000000e+03
 2.17100000e+03
 2.31200000e+03
 2.27300000e+03
 2.38400000e+03
 2.31600000e+03
 2.37400000e+03
 2.27000000e+03
 2.29100000e+03
 2.16000000e+03
 2.15900000e+03
 2.01500000e+03
 2.00600000e+03
 1.88400000e+03
 1.87400000e+03
 1.77600000e+03
 1.78500000e+03
 1.77400000e+03
 1.77300000e+03
 1.80700000e+03
 1.84100000e+03
 1.90200000e+03
 1.96700000e+03
 2.02800000e+03
 2.11300000e+03
 2.17900000e+03
 2.25100000e+03
 2.30600000e+03
 2.35400000e+03
 2.36900000e+03
 2.40800000e+03
 2.35500000e+03
 2.36200000e+03
 2.26700000e+03
 2.24500000e+03
 2.12200000e+03
 2.04800000e+03
 1.96700000e+03
 1.90600000e+03
 1.84800000e+03
 1.78900000e+03
 1.77000000e+03
 1.75600000e+03
 1.76700000e+03
 1.79000000e+03
 1.83400000e+03
 1.89400000e+03
 1.96900000e+03
 2.04000000e+03
 2.12200000e+03
 2.18000000e+03
 2.25200000e+03
 2.30400000e+03
 2.34900000e+03
 2.36800000e+03
 2.36800000e+03
 2.35200000e+03
 2.31100000e+03
 2.26000000e+03
 2.18700000e+03
 2.10400000e+03
 2.03100000e+03
 1.96200000e+03
 1.89900000e+03
 1.83700000e+03
 1.80200000e+03
 1.77400000e+03
 1.76400000e+03
 1.77300000e+03
 1.80200000e+03
 1.85500000e+03
 1.90100000e+03
 1.97700000e+03
 2.05200000e+03
 2.12600000e+03
 2.18600000e+03
 2.26200000e+03
 2.31100000e+03
 2.35400000e+03
 2.37000000e+03
 2.36600000e+03
 2.34600000e+03
 2.30200000e+03
 2.24900000e+03
 2.17000000e+03
 2.10800000e+03
 2.01900000e+03
 1.96200000e+03
 1.88700000e+03
 1.83900000e+03
 1.79000000e+03
 1.77600000e+03
 1.76000000e+03
 1.78300000e+03
 1.80800000e+03
 1.87200000e+03
 1.92500000e+03
 2.00800000e+03
 2.07600000e+03
 2.15100000e+03
 2.21000000e+03
 2.29700000e+03
 2.29300000e+03
 2.37300000e+03
 2.32400000e+03
 2.38800000e+03
 2.29200000e+03
